Wvlgth Direct_normal_irradiance
.2800E+03 .8325E-15
.2805E+03 .8362E-14
.2810E+03 .2948E-13
.2815E+03 .2988E-12
.2820E+03 .1198E-11
.2825E+03 .2895E-11
.2830E+03 .7682E-11
.2835E+03 .1124E-10
.2840E+03 .8815E-10
.2845E+03 .1762E-09
.2850E+03 .2293E-09
.2855E+03 .8816E-09
.2860E+03 .3120E-08
.2865E+03 .1006E-07
.2870E+03 .2211E-07
.2875E+03 .5791E-07
.2880E+03 .1289E-06
.2885E+03 .3515E-06
.2890E+03 .7995E-06
.2895E+03 .1939E-05
.2900E+03 .4433E-05
.2905E+03 .7642E-05
.2910E+03 .1317E-04
.2915E+03 .2800E-04
.2920E+03 .4973E-04
.2925E+03 .6122E-04
.2930E+03 .1097E-03
.2935E+03 .2058E-03
.2940E+03 .2725E-03
.2945E+03 .4018E-03
.2950E+03 .5656E-03
.2955E+03 .1038E-02
.2960E+03 .1546E-02
.2965E+03 .1681E-02
.2970E+03 .1859E-02
.2975E+03 .3721E-02
.2980E+03 .4609E-02
.2985E+03 .3864E-02
.2990E+03 .7160E-02
.2995E+03 .8865E-02
.3000E+03 .8340E-02
.3005E+03 .1033E-01
.3010E+03 .1465E-01
.3015E+03 .1897E-01
.3020E+03 .1470E-01
.3025E+03 .2511E-01
.3030E+03 .3809E-01
.3035E+03 .4339E-01
.3040E+03 .3847E-01
.3045E+03 .4927E-01
.3050E+03 .6063E-01
.3055E+03 .6117E-01
.3060E+03 .5651E-01
.3065E+03 .6513E-01
.3070E+03 .8145E-01
.3075E+03 .9245E-01
.3080E+03 .9537E-01
.3085E+03 .1046E+00
.3090E+03 .9038E-01
.3095E+03 .9298E-01
.3100E+03 .8902E-01
.3105E+03 .1410E+00
.3110E+03 .1701E+00
.3115E+03 .1615E+00
.3120E+03 .1477E+00
.3125E+03 .1696E+00
.3130E+03 .1786E+00
.3135E+03 .1789E+00
.3140E+03 .2085E+00
.3145E+03 .1683E+00
.3150E+03 .2180E+00
.3155E+03 .1913E+00
.3160E+03 .1550E+00
.3165E+03 .2087E+00
.3170E+03 .2600E+00
.3175E+03 .2761E+00
.3180E+03 .2063E+00
.3185E+03 .2357E+00
.3190E+03 .2685E+00
.3195E+03 .2348E+00
.3200E+03 .2871E+00
.3205E+03 .3302E+00
.3210E+03 .2729E+00
.3215E+03 .2601E+00
.3220E+03 .3013E+00
.3225E+03 .2615E+00
.3230E+03 .2472E+00
.3235E+03 .2783E+00
.3240E+03 .3220E+00
.3245E+03 .3364E+00
.3250E+03 .3103E+00
.3255E+03 .3829E+00
.3260E+03 .4438E+00
.3265E+03 .4307E+00
.3270E+03 .4351E+00
.3275E+03 .4276E+00
.3280E+03 .3992E+00
.3285E+03 .3979E+00
.3290E+03 .4582E+00
.3295E+03 .5147E+00
.3300E+03 .5251E+00
.3305E+03 .4342E+00
.3310E+03 .4479E+00
.3315E+03 .4454E+00
.3320E+03 .4664E+00
.3325E+03 .4555E+00
.3330E+03 .4588E+00
.3335E+03 .4261E+00
.3340E+03 .4389E+00
.3345E+03 .4935E+00
.3350E+03 .4575E+00
.3355E+03 .5181E+00
.3360E+03 .3589E+00
.3365E+03 .4381E+00
.3370E+03 .3640E+00
.3375E+03 .4552E+00
.3380E+03 .4356E+00
.3385E+03 .4900E+00
.3390E+03 .4878E+00
.3395E+03 .4683E+00
.3400E+03 .5654E+00
.3405E+03 .5094E+00
.3410E+03 .4872E+00
.3415E+03 .4512E+00
.3420E+03 .5407E+00
.3425E+03 .5075E+00
.3430E+03 .5570E+00
.3435E+03 .5239E+00
.3440E+03 .3942E+00
.3445E+03 .3893E+00
.3450E+03 .5205E+00
.3455E+03 .5335E+00
.3460E+03 .4546E+00
.3465E+03 .5159E+00
.3470E+03 .5530E+00
.3475E+03 .4472E+00
.3480E+03 .5122E+00
.3485E+03 .5136E+00
.3490E+03 .4772E+00
.3495E+03 .4727E+00
.3500E+03 .5854E+00
.3505E+03 .6181E+00
.3510E+03 .5521E+00
.3515E+03 .5351E+00
.3520E+03 .5770E+00
.3525E+03 .4515E+00
.3530E+03 .5696E+00
.3535E+03 .6099E+00
.3540E+03 .6339E+00
.3545E+03 .6441E+00
.3550E+03 .6428E+00
.3555E+03 .5815E+00
.3560E+03 .6095E+00
.3565E+03 .5212E+00
.3570E+03 .4314E+00
.3575E+03 .5290E+00
.3580E+03 .4199E+00
.3585E+03 .3594E+00
.3590E+03 .5035E+00
.3595E+03 .6423E+00
.3600E+03 .6819E+00
.3605E+03 .5458E+00
.3610E+03 .4980E+00
.3615E+03 .5734E+00
.3620E+03 .4958E+00
.3625E+03 .6862E+00
.3630E+03 .6165E+00
.3635E+03 .5680E+00
.3640E+03 .6950E+00
.3645E+03 .5946E+00
.3650E+03 .6061E+00
.3655E+03 .7614E+00
.3660E+03 .8072E+00
.3665E+03 .7588E+00
.3670E+03 .7396E+00
.3675E+03 .7681E+00
.3680E+03 .6725E+00
.3685E+03 .6792E+00
.3690E+03 .7343E+00
.3695E+03 .7836E+00
.3700E+03 .8363E+00
.3705E+03 .6496E+00
.3710E+03 .6947E+00
.3715E+03 .8701E+00
.3720E+03 .5782E+00
.3725E+03 .6938E+00
.3730E+03 .7062E+00
.3735E+03 .4598E+00
.3740E+03 .6688E+00
.3745E+03 .5542E+00
.3750E+03 .5393E+00
.3755E+03 .8061E+00
.3760E+03 .6689E+00
.3765E+03 .6940E+00
.3770E+03 .7354E+00
.3775E+03 .8611E+00
.3780E+03 .9346E+00
.3785E+03 .8846E+00
.3790E+03 .7310E+00
.3795E+03 .6688E+00
.3800E+03 .6961E+00
.3805E+03 .8436E+00
.3810E+03 .8457E+00
.3815E+03 .6706E+00
.3820E+03 .5958E+00
.3825E+03 .5080E+00
.3830E+03 .4705E+00
.3835E+03 .4534E+00
.3840E+03 .5005E+00
.3845E+03 .7367E+00
.3850E+03 .7312E+00
.3855E+03 .6814E+00
.3860E+03 .5841E+00
.3865E+03 .7677E+00
.3870E+03 .6385E+00
.3875E+03 .7179E+00
.3880E+03 .6634E+00
.3885E+03 .6562E+00
.3890E+03 .7090E+00
.3895E+03 .8593E+00
.3900E+03 .8630E+00
.3905E+03 .7948E+00
.3910E+03 .9363E+00
.3915E+03 .9558E+00
.3920E+03 .8058E+00
.3925E+03 .7218E+00
.3930E+03 .4018E+00
.3935E+03 .2923E+00
.3940E+03 .5951E+00
.3945E+03 .7571E+00
.3950E+03 .9245E+00
.3955E+03 .9400E+00
.3960E+03 .8156E+00
.3965E+03 .4769E+00
.3970E+03 .3581E+00
.3975E+03 .7289E+00
.3980E+03 .1022E+01
.3985E+03 .1057E+01
.3990E+03 .1145E+01
.3995E+03 .1142E+01
.4000E+03 .1187E+01
.4010E+03 .1220E+01
.4020E+03 .1288E+01
.4030E+03 .1225E+01
.4040E+03 .1207E+01
.4050E+03 .1209E+01
.4060E+03 .1190E+01
.4070E+03 .1171E+01
.4080E+03 .1219E+01
.4090E+03 .1306E+01
.4100E+03 .1142E+01
.4110E+03 .1238E+01
.4120E+03 .1330E+01
.4130E+03 .1299E+01
.4140E+03 .1316E+01
.4150E+03 .1320E+01
.4160E+03 .1344E+01
.4170E+03 .1312E+01
.4180E+03 .1290E+01
.4190E+03 .1307E+01
.4200E+03 .1303E+01
.4210E+03 .1365E+01
.4220E+03 .1298E+01
.4230E+03 .1269E+01
.4240E+03 .1344E+01
.4250E+03 .1343E+01
.4260E+03 .1308E+01
.4270E+03 .1284E+01
.4280E+03 .1252E+01
.4290E+03 .1186E+01
.4300E+03 .1039E+01
.4310E+03 .1031E+01
.4320E+03 .1332E+01
.4330E+03 .1340E+01
.4340E+03 .1246E+01
.4350E+03 .1303E+01
.4360E+03 .1468E+01
.4370E+03 .1448E+01
.4380E+03 .1319E+01
.4390E+03 .1367E+01
.4400E+03 .1411E+01
.4410E+03 .1462E+01
.4420E+03 .1570E+01
.4430E+03 .1532E+01
.4440E+03 .1565E+01
.4450E+03 .1534E+01
.4460E+03 .1463E+01
.4470E+03 .1581E+01
.4480E+03 .1609E+01
.4490E+03 .1614E+01
.4500E+03 .1660E+01
.4510E+03 .1723E+01
.4520E+03 .1661E+01
.4530E+03 .1563E+01
.4540E+03 .1631E+01
.4550E+03 .1643E+01
.4560E+03 .1683E+01
.4570E+03 .1712E+01
.4580E+03 .1656E+01
.4590E+03 .1648E+01
.4600E+03 .1655E+01
.4610E+03 .1694E+01
.4620E+03 .1707E+01
.4630E+03 .1697E+01
.4640E+03 .1668E+01
.4650E+03 .1646E+01
.4660E+03 .1662E+01
.4670E+03 .1634E+01
.4680E+03 .1655E+01
.4690E+03 .1665E+01
.4700E+03 .1614E+01
.4710E+03 .1613E+01
.4720E+03 .1701E+01
.4730E+03 .1681E+01
.4740E+03 .1687E+01
.4750E+03 .1705E+01
.4760E+03 .1658E+01
.4770E+03 .1666E+01
.4780E+03 .1712E+01
.4790E+03 .1701E+01
.4800E+03 .1703E+01
.4810E+03 .1734E+01
.4820E+03 .1742E+01
.4830E+03 .1719E+01
.4840E+03 .1684E+01
.4850E+03 .1605E+01
.4860E+03 .1402E+01
.4870E+03 .1469E+01
.4880E+03 .1613E+01
.4890E+03 .1620E+01
.4900E+03 .1704E+01
.4910E+03 .1675E+01
.4920E+03 .1583E+01
.4930E+03 .1635E+01
.4940E+03 .1653E+01
.4950E+03 .1667E+01
.4960E+03 .1678E+01
.4970E+03 .1706E+01
.4980E+03 .1627E+01
.4990E+03 .1650E+01
.5000E+03 .1604E+01
.5010E+03 .1577E+01
.5020E+03 .1559E+01
.5030E+03 .1627E+01
.5040E+03 .1600E+01
.5050E+03 .1646E+01
.5060E+03 .1702E+01
.5070E+03 .1621E+01
.5080E+03 .1568E+01
.5090E+03 .1610E+01
.5100E+03 .1600E+01
.5110E+03 .1641E+01
.5120E+03 .1659E+01
.5130E+03 .1571E+01
.5140E+03 .1560E+01
.5150E+03 .1545E+01
.5160E+03 .1543E+01
.5170E+03 .1371E+01
.5180E+03 .1442E+01
.5190E+03 .1514E+01
.5200E+03 .1570E+01
.5210E+03 .1585E+01
.5220E+03 .1588E+01
.5230E+03 .1561E+01
.5240E+03 .1620E+01
.5250E+03 .1642E+01
.5260E+03 .1570E+01
.5270E+03 .1482E+01
.5280E+03 .1569E+01
.5290E+03 .1655E+01
.5300E+03 .1633E+01
.5310E+03 .1659E+01
.5320E+03 .1603E+01
.5330E+03 .1557E+01
.5340E+03 .1603E+01
.5350E+03 .1637E+01
.5360E+03 .1652E+01
.5370E+03 .1586E+01
.5380E+03 .1615E+01
.5390E+03 .1603E+01
.5400E+03 .1538E+01
.5410E+03 .1553E+01
.5420E+03 .1604E+01
.5430E+03 .1585E+01
.5440E+03 .1616E+01
.5450E+03 .1610E+01
.5460E+03 .1620E+01
.5470E+03 .1617E+01
.5480E+03 .1596E+01
.5490E+03 .1601E+01
.5500E+03 .1622E+01
.5510E+03 .1602E+01
.5520E+03 .1614E+01
.5530E+03 .1586E+01
.5540E+03 .1625E+01
.5550E+03 .1629E+01
.5560E+03 .1608E+01
.5570E+03 .1560E+01
.5580E+03 .1550E+01
.5590E+03 .1523E+01
.5600E+03 .1544E+01
.5610E+03 .1566E+01
.5620E+03 .1557E+01
.5630E+03 .1603E+01
.5640E+03 .1561E+01
.5650E+03 .1550E+01
.5660E+03 .1529E+01
.5670E+03 .1561E+01
.5680E+03 .1554E+01
.5690E+03 .1530E+01
.5700E+03 .1528E+01
.5710E+03 .1514E+01
.5720E+03 .1560E+01
.5730E+03 .1578E+01
.5740E+03 .1575E+01
.5750E+03 .1548E+01
.5760E+03 .1534E+01
.5770E+03 .1550E+01
.5780E+03 .1524E+01
.5790E+03 .1526E+01
.5800E+03 .1549E+01
.5810E+03 .1552E+01
.5820E+03 .1577E+01
.5830E+03 .1579E+01
.5840E+03 .1591E+01
.5850E+03 .1551E+01
.5860E+03 .1519E+01
.5870E+03 .1556E+01
.5880E+03 .1536E+01
.5890E+03 .1395E+01
.5900E+03 .1456E+01
.5910E+03 .1521E+01
.5920E+03 .1516E+01
.5930E+03 .1524E+01
.5940E+03 .1521E+01
.5950E+03 .1494E+01
.5960E+03 .1526E+01
.5970E+03 .1515E+01
.5980E+03 .1505E+01
.5990E+03 .1503E+01
.6000E+03 .1499E+01
.6010E+03 .1482E+01
.6020E+03 .1471E+01
.6030E+03 .1492E+01
.6040E+03 .1516E+01
.6050E+03 .1507E+01
.6060E+03 .1501E+01
.6070E+03 .1516E+01
.6080E+03 .1499E+01
.6090E+03 .1501E+01
.6100E+03 .1489E+01
.6110E+03 .1496E+01
.6120E+03 .1491E+01
.6130E+03 .1471E+01
.6140E+03 .1450E+01
.6150E+03 .1481E+01
.6160E+03 .1432E+01
.6170E+03 .1429E+01
.6180E+03 .1483E+01
.6190E+03 .1468E+01
.6200E+03 .1477E+01
.6210E+03 .1478E+01
.6220E+03 .1454E+01
.6230E+03 .1426E+01
.6240E+03 .1404E+01
.6250E+03 .1408E+01
.6260E+03 .1432E+01
.6270E+03 .1455E+01
.6280E+03 .1410E+01
.6290E+03 .1440E+01
.6300E+03 .1408E+01
.6310E+03 .1425E+01
.6320E+03 .1410E+01
.6330E+03 .1448E+01
.6340E+03 .1429E+01
.6350E+03 .1449E+01
.6360E+03 .1426E+01
.6370E+03 .1447E+01
.6380E+03 .1457E+01
.6390E+03 .1440E+01
.6400E+03 .1425E+01
.6410E+03 .1423E+01
.6420E+03 .1415E+01
.6430E+03 .1435E+01
.6440E+03 .1428E+01
.6450E+03 .1433E+01
.6460E+03 .1410E+01
.6470E+03 .1413E+01
.6480E+03 .1421E+01
.6490E+03 .1394E+01
.6500E+03 .1376E+01
.6510E+03 .1431E+01
.6520E+03 .1403E+01
.6530E+03 .1413E+01
.6540E+03 .1394E+01
.6550E+03 .1358E+01
.6560E+03 .1193E+01
.6570E+03 .1224E+01
.6580E+03 .1364E+01
.6590E+03 .1368E+01
.6600E+03 .1366E+01
.6610E+03 .1364E+01
.6620E+03 .1361E+01
.6630E+03 .1338E+01
.6640E+03 .1359E+01
.6650E+03 .1362E+01
.6660E+03 .1366E+01
.6670E+03 .1366E+01
.6680E+03 .1367E+01
.6690E+03 .1388E+01
.6700E+03 .1382E+01
.6710E+03 .1381E+01
.6720E+03 .1369E+01
.6730E+03 .1390E+01
.6740E+03 .1384E+01
.6750E+03 .1371E+01
.6760E+03 .1380E+01
.6770E+03 .1366E+01
.6780E+03 .1369E+01
.6790E+03 .1347E+01
.6800E+03 .1358E+01
.6810E+03 .1349E+01
.6820E+03 .1348E+01
.6830E+03 .1346E+01
.6840E+03 .1340E+01
.6850E+03 .1351E+01
.6860E+03 .1344E+01
.6870E+03 .1118E+01
.6880E+03 .1196E+01
.6890E+03 .1197E+01
.6900E+03 .1220E+01
.6910E+03 .1246E+01
.6920E+03 .1265E+01
.6930E+03 .1272E+01
.6940E+03 .1277E+01
.6950E+03 .1295E+01
.6960E+03 .1302E+01
.6970E+03 .1323E+01
.6980E+03 .1305E+01
.6990E+03 .1309E+01
.7000E+03 .1293E+01
.7010E+03 .1289E+01
.7020E+03 .1286E+01
.7030E+03 .1290E+01
.7040E+03 .1311E+01
.7050E+03 .1315E+01
.7060E+03 .1305E+01
.7070E+03 .1304E+01
.7080E+03 .1307E+01
.7090E+03 .1298E+01
.7100E+03 .1303E+01
.7110E+03 .1298E+01
.7120E+03 .1289E+01
.7130E+03 .1281E+01
.7140E+03 .1286E+01
.7150E+03 .1258E+01
.7160E+03 .1264E+01
.7170E+03 .1224E+01
.7180E+03 .1173E+01
.7190E+03 .1105E+01
.7200E+03 .1151E+01
.7210E+03 .1177E+01
.7220E+03 .1241E+01
.7230E+03 .1213E+01
.7240E+03 .1158E+01
.7250E+03 .1158E+01
.7260E+03 .1185E+01
.7270E+03 .1184E+01
.7280E+03 .1157E+01
.7290E+03 .1150E+01
.7300E+03 .1198E+01
.7310E+03 .1171E+01
.7320E+03 .1199E+01
.7330E+03 .1218E+01
.7340E+03 .1235E+01
.7350E+03 .1215E+01
.7360E+03 .1212E+01
.7370E+03 .1220E+01
.7380E+03 .1211E+01
.7390E+03 .1190E+01
.7400E+03 .1211E+01
.7410E+03 .1193E+01
.7420E+03 .1190E+01
.7430E+03 .1219E+01
.7440E+03 .1212E+01
.7450E+03 .1210E+01
.7460E+03 .1216E+01
.7470E+03 .1218E+01
.7480E+03 .1215E+01
.7490E+03 .1202E+01
.7500E+03 .1201E+01
.7510E+03 .1189E+01
.7520E+03 .1194E+01
.7530E+03 .1200E+01
.7540E+03 .1203E+01
.7550E+03 .1197E+01
.7560E+03 .1196E+01
.7570E+03 .1198E+01
.7580E+03 .1184E+01
.7590E+03 .1171E+01
.7600E+03 .5031E+00
.7610E+03 .3703E+00
.7620E+03 .8454E+00
.7630E+03 .6144E+00
.7640E+03 .7436E+00
.7650E+03 .8466E+00
.7660E+03 .9122E+00
.7670E+03 .1036E+01
.7680E+03 .1111E+01
.7690E+03 .1116E+01
.7700E+03 .1134E+01
.7710E+03 .1134E+01
.7720E+03 .1134E+01
.7730E+03 .1142E+01
.7740E+03 .1136E+01
.7750E+03 .1127E+01
.7760E+03 .1140E+01
.7770E+03 .1125E+01
.7780E+03 .1119E+01
.7790E+03 .1120E+01
.7800E+03 .1114E+01
.7810E+03 .1115E+01
.7820E+03 .1122E+01
.7830E+03 .1102E+01
.7840E+03 .1107E+01
.7850E+03 .1100E+01
.7860E+03 .1114E+01
.7870E+03 .1106E+01
.7880E+03 .1099E+01
.7890E+03 .1102E+01
.7900E+03 .1092E+01
.7910E+03 .1084E+01
.7920E+03 .1074E+01
.7930E+03 .1059E+01
.7940E+03 .1056E+01
.7950E+03 .1079E+01
.7960E+03 .1072E+01
.7970E+03 .1073E+01
.7980E+03 .1081E+01
.7990E+03 .1079E+01
.8000E+03 .1067E+01
.8010E+03 .1069E+01
.8020E+03 .1065E+01
.8030E+03 .1060E+01
.8040E+03 .1059E+01
.8050E+03 .1048E+01
.8060E+03 .1067E+01
.8070E+03 .1057E+01
.8080E+03 .1056E+01
.8090E+03 .1045E+01
.8100E+03 .1045E+01
.8110E+03 .1054E+01
.8120E+03 .1044E+01
.8130E+03 .1038E+01
.8140E+03 .9903E+00
.8150E+03 .9845E+00
.8160E+03 .9466E+00
.8170E+03 .9479E+00
.8180E+03 .9266E+00
.8190E+03 .9617E+00
.8200E+03 .9353E+00
.8210E+03 .9977E+00
.8220E+03 .9873E+00
.8230E+03 .8479E+00
.8240E+03 .9866E+00
.8250E+03 .9910E+00
.8260E+03 .9832E+00
.8270E+03 .1003E+01
.8280E+03 .9378E+00
.8290E+03 .9714E+00
.8300E+03 .9685E+00
.8310E+03 .9669E+00
.8320E+03 .9566E+00
.8330E+03 .9621E+00
.8340E+03 .9543E+00
.8350E+03 .9936E+00
.8360E+03 .9834E+00
.8370E+03 .9945E+00
.8380E+03 .9757E+00
.8390E+03 .9778E+00
.8400E+03 .9957E+00
.8410E+03 .9876E+00
.8420E+03 .9814E+00
.8430E+03 .9725E+00
.8440E+03 .9642E+00
.8450E+03 .9897E+00
.8460E+03 .9843E+00
.8470E+03 .9633E+00
.8480E+03 .9612E+00
.8490E+03 .9342E+00
.8500E+03 .8944E+00
.8510E+03 .9512E+00
.8520E+03 .9429E+00
.8530E+03 .9042E+00
.8540E+03 .7837E+00
.8550E+03 .8571E+00
.8560E+03 .9385E+00
.8570E+03 .9569E+00
.8580E+03 .9510E+00
.8590E+03 .9505E+00
.8600E+03 .9511E+00
.8610E+03 .9464E+00
.8620E+03 .9608E+00
.8630E+03 .9836E+00
.8640E+03 .9344E+00
.8650E+03 .9261E+00
.8660E+03 .8327E+00
.8670E+03 .8690E+00
.8680E+03 .9457E+00
.8690E+03 .9260E+00
.8700E+03 .9525E+00
.8710E+03 .9396E+00
.8720E+03 .9362E+00
.8730E+03 .9344E+00
.8740E+03 .9234E+00
.8750E+03 .9049E+00
.8760E+03 .9147E+00
.8770E+03 .9237E+00
.8780E+03 .9345E+00
.8790E+03 .9200E+00
.8800E+03 .9003E+00
.8810E+03 .8889E+00
.8820E+03 .9086E+00
.8830E+03 .9102E+00
.8840E+03 .9065E+00
.8850E+03 .9134E+00
.8860E+03 .8770E+00
.8870E+03 .8817E+00
.8880E+03 .8992E+00
.8890E+03 .9023E+00
.8900E+03 .9023E+00
.8910E+03 .8973E+00
.8920E+03 .8798E+00
.8930E+03 .8671E+00
.8940E+03 .8594E+00
.8950E+03 .8436E+00
.8960E+03 .8294E+00
.8970E+03 .7740E+00
.8980E+03 .8012E+00
.8990E+03 .6982E+00
.9000E+03 .7889E+00
.9010E+03 .7114E+00
.9020E+03 .7471E+00
.9030E+03 .7723E+00
.9040E+03 .8571E+00
.9050E+03 .8437E+00
.9060E+03 .8074E+00
.9070E+03 .7406E+00
.9080E+03 .7446E+00
.9090E+03 .7606E+00
.9100E+03 .7451E+00
.9110E+03 .7549E+00
.9120E+03 .7647E+00
.9130E+03 .7578E+00
.9140E+03 .7424E+00
.9150E+03 .7753E+00
.9160E+03 .7085E+00
.9170E+03 .7872E+00
.9180E+03 .7215E+00
.9190E+03 .7927E+00
.9200E+03 .7827E+00
.9210E+03 .7871E+00
.9220E+03 .7547E+00
.9230E+03 .7611E+00
.9240E+03 .7671E+00
.9250E+03 .7588E+00
.9260E+03 .7586E+00
.9270E+03 .8035E+00
.9280E+03 .7276E+00
.9290E+03 .6999E+00
.9300E+03 .6378E+00
.9310E+03 .5928E+00
.9320E+03 .5087E+00
.9330E+03 .4762E+00
.9340E+03 .3945E+00
.9350E+03 .4521E+00
.9360E+03 .3636E+00
.9370E+03 .3943E+00
.9380E+03 .4395E+00
.9390E+03 .5821E+00
.9400E+03 .6375E+00
.9410E+03 .5596E+00
.9420E+03 .5904E+00
.9430E+03 .4750E+00
.9440E+03 .4560E+00
.9450E+03 .5689E+00
.9460E+03 .4007E+00
.9470E+03 .5837E+00
.9480E+03 .4771E+00
.9490E+03 .6790E+00
.9500E+03 .3735E+00
.9510E+03 .6599E+00
.9520E+03 .4886E+00
.9530E+03 .5468E+00
.9540E+03 .5780E+00
.9550E+03 .5414E+00
.9560E+03 .5204E+00
.9570E+03 .4934E+00
.9580E+03 .5913E+00
.9590E+03 .5559E+00
.9600E+03 .5984E+00
.9610E+03 .6177E+00
.9620E+03 .6008E+00
.9630E+03 .6352E+00
.9640E+03 .6059E+00
.9650E+03 .6233E+00
.9660E+03 .6364E+00
.9670E+03 .6420E+00
.9680E+03 .7004E+00
.9690E+03 .7244E+00
.9700E+03 .6989E+00
.9710E+03 .7327E+00
.9720E+03 .7152E+00
.9730E+03 .6851E+00
.9740E+03 .6645E+00
.9750E+03 .6655E+00
.9760E+03 .6619E+00
.9770E+03 .6919E+00
.9780E+03 .6805E+00
.9790E+03 .6905E+00
.9800E+03 .6722E+00
.9810E+03 .7236E+00
.9820E+03 .7117E+00
.9830E+03 .6974E+00
.9840E+03 .7238E+00
.9850E+03 .7070E+00
.9860E+03 .7250E+00
.9870E+03 .7203E+00
.9880E+03 .7204E+00
.9890E+03 .7154E+00
.9900E+03 .7134E+00
.9910E+03 .7190E+00
.9920E+03 .7218E+00
.9930E+03 .7165E+00
.9940E+03 .7203E+00
.9950E+03 .7178E+00
.9960E+03 .7167E+00
.9970E+03 .7167E+00
.9980E+03 .7140E+00
.9990E+03 .7110E+00
.1000E+04 .7090E+00
.1001E+04 .7146E+00
.1002E+04 .7070E+00
.1003E+04 .7028E+00
.1004E+04 .6887E+00
.1005E+04 .6592E+00
.1006E+04 .6874E+00
.1007E+04 .7006E+00
.1008E+04 .6992E+00
.1009E+04 .6979E+00
.1010E+04 .6963E+00
.1011E+04 .6969E+00
.1012E+04 .6933E+00
.1013E+04 .6946E+00
.1014E+04 .6897E+00
.1015E+04 .6856E+00
.1016E+04 .6828E+00
.1017E+04 .6850E+00
.1018E+04 .6810E+00
.1019E+04 .6710E+00
.1020E+04 .6782E+00
.1021E+04 .6765E+00
.1022E+04 .6729E+00
.1023E+04 .6805E+00
.1024E+04 .6765E+00
.1025E+04 .6784E+00
.1026E+04 .6766E+00
.1027E+04 .6750E+00
.1028E+04 .6739E+00
.1029E+04 .6664E+00
.1030E+04 .6692E+00
.1031E+04 .6673E+00
.1032E+04 .6648E+00
.1033E+04 .6549E+00
.1034E+04 .6547E+00
.1035E+04 .6568E+00
.1036E+04 .6607E+00
.1037E+04 .6496E+00
.1038E+04 .6527E+00
.1039E+04 .6526E+00
.1040E+04 .6500E+00
.1041E+04 .6530E+00
.1042E+04 .6485E+00
.1043E+04 .6467E+00
.1044E+04 .6492E+00
.1045E+04 .6406E+00
.1046E+04 .6338E+00
.1047E+04 .6397E+00
.1048E+04 .6436E+00
.1049E+04 .6413E+00
.1050E+04 .6386E+00
.1051E+04 .6383E+00
.1052E+04 .6359E+00
.1053E+04 .6313E+00
.1054E+04 .6333E+00
.1055E+04 .6342E+00
.1056E+04 .6326E+00
.1057E+04 .6311E+00
.1058E+04 .6161E+00
.1059E+04 .6174E+00
.1060E+04 .6167E+00
.1061E+04 .6163E+00
.1062E+04 .6203E+00
.1063E+04 .6146E+00
.1064E+04 .6214E+00
.1065E+04 .6187E+00
.1066E+04 .6052E+00
.1067E+04 .6140E+00
.1068E+04 .6014E+00
.1069E+04 .5825E+00
.1070E+04 .6042E+00
.1071E+04 .6090E+00
.1072E+04 .6058E+00
.1073E+04 .5962E+00
.1074E+04 .6072E+00
.1075E+04 .5897E+00
.1076E+04 .6078E+00
.1077E+04 .6046E+00
.1078E+04 .5954E+00
.1079E+04 .5965E+00
.1080E+04 .5988E+00
.1081E+04 .5825E+00
.1082E+04 .5816E+00
.1083E+04 .5811E+00
.1084E+04 .5871E+00
.1085E+04 .5971E+00
.1086E+04 .5729E+00
.1087E+04 .5676E+00
.1088E+04 .5837E+00
.1089E+04 .5778E+00
.1090E+04 .5778E+00
.1091E+04 .5861E+00
.1092E+04 .5810E+00
.1093E+04 .5389E+00
.1094E+04 .5376E+00
.1095E+04 .5498E+00
.1096E+04 .5417E+00
.1097E+04 .5668E+00
.1098E+04 .5354E+00
.1099E+04 .5514E+00
.1100E+04 .5390E+00
.1101E+04 .5375E+00
.1102E+04 .5255E+00
.1103E+04 .5306E+00
.1104E+04 .5299E+00
.1105E+04 .5458E+00
.1106E+04 .5009E+00
.1107E+04 .5340E+00
.1108E+04 .5055E+00
.1109E+04 .5054E+00
.1110E+04 .5396E+00
.1111E+04 .4487E+00
.1112E+04 .5008E+00
.1113E+04 .4132E+00
.1114E+04 .4391E+00
.1115E+04 .3722E+00
.1116E+04 .3680E+00
.1117E+04 .2548E+00
.1118E+04 .3693E+00
.1119E+04 .2618E+00
.1120E+04 .3131E+00
.1121E+04 .3583E+00
.1122E+04 .2307E+00
.1123E+04 .2907E+00
.1124E+04 .2487E+00
.1125E+04 .3010E+00
.1126E+04 .1904E+00
.1127E+04 .3284E+00
.1128E+04 .2753E+00
.1129E+04 .2701E+00
.1130E+04 .2417E+00
.1131E+04 .4486E+00
.1132E+04 .3847E+00
.1133E+04 .3207E+00
.1134E+04 .1724E+00
.1135E+04 .7873E-01
.1136E+04 .3018E+00
.1137E+04 .4471E+00
.1138E+04 .3536E+00
.1139E+04 .4099E+00
.1140E+04 .3849E+00
.1141E+04 .3468E+00
.1142E+04 .3611E+00
.1143E+04 .4458E+00
.1144E+04 .2540E+00
.1145E+04 .3120E+00
.1146E+04 .3318E+00
.1147E+04 .2102E+00
.1148E+04 .3942E+00
.1149E+04 .3599E+00
.1150E+04 .2786E+00
.1151E+04 .3495E+00
.1152E+04 .3856E+00
.1153E+04 .3453E+00
.1154E+04 .3167E+00
.1155E+04 .4205E+00
.1156E+04 .3994E+00
.1157E+04 .4245E+00
.1158E+04 .4120E+00
.1159E+04 .4176E+00
.1160E+04 .3996E+00
.1161E+04 .4364E+00
.1162E+04 .4407E+00
.1163E+04 .4897E+00
.1164E+04 .4631E+00
.1165E+04 .4543E+00
.1166E+04 .4495E+00
.1167E+04 .4658E+00
.1168E+04 .4667E+00
.1169E+04 .4640E+00
.1170E+04 .4825E+00
.1171E+04 .4781E+00
.1172E+04 .4789E+00
.1173E+04 .4823E+00
.1174E+04 .4237E+00
.1175E+04 .4662E+00
.1176E+04 .4852E+00
.1177E+04 .4805E+00
.1178E+04 .4247E+00
.1179E+04 .4865E+00
.1180E+04 .4689E+00
.1181E+04 .4755E+00
.1182E+04 .3985E+00
.1183E+04 .4600E+00
.1184E+04 .4529E+00
.1185E+04 .4523E+00
.1186E+04 .4817E+00
.1187E+04 .4743E+00
.1188E+04 .4004E+00
.1189E+04 .4490E+00
.1190E+04 .4732E+00
.1191E+04 .4700E+00
.1192E+04 .4764E+00
.1193E+04 .4670E+00
.1194E+04 .4740E+00
.1195E+04 .4629E+00
.1196E+04 .4578E+00
.1197E+04 .4630E+00
.1198E+04 .4423E+00
.1199E+04 .4186E+00
.1200E+04 .4619E+00
.1201E+04 .4584E+00
.1202E+04 .4525E+00
.1203E+04 .4412E+00
.1204E+04 .4121E+00
.1205E+04 .4476E+00
.1206E+04 .4695E+00
.1207E+04 .4487E+00
.1208E+04 .4294E+00
.1209E+04 .4390E+00
.1210E+04 .4482E+00
.1211E+04 .4423E+00
.1212E+04 .4483E+00
.1213E+04 .4622E+00
.1214E+04 .4514E+00
.1215E+04 .4481E+00
.1216E+04 .4609E+00
.1217E+04 .4564E+00
.1218E+04 .4554E+00
.1219E+04 .4496E+00
.1220E+04 .4552E+00
.1221E+04 .4566E+00
.1222E+04 .4498E+00
.1223E+04 .4477E+00
.1224E+04 .4493E+00
.1225E+04 .4538E+00
.1226E+04 .4532E+00
.1227E+04 .4365E+00
.1228E+04 .4530E+00
.1229E+04 .4533E+00
.1230E+04 .4492E+00
.1231E+04 .4517E+00
.1232E+04 .4494E+00
.1233E+04 .4462E+00
.1234E+04 .4487E+00
.1235E+04 .4477E+00
.1236E+04 .4496E+00
.1237E+04 .4477E+00
.1238E+04 .4480E+00
.1239E+04 .4424E+00
.1240E+04 .4435E+00
.1241E+04 .4445E+00
.1242E+04 .4407E+00
.1243E+04 .4369E+00
.1244E+04 .4410E+00
.1245E+04 .4422E+00
.1246E+04 .4396E+00
.1247E+04 .4386E+00
.1248E+04 .4397E+00
.1249E+04 .4397E+00
.1250E+04 .4377E+00
.1251E+04 .4334E+00
.1252E+04 .4320E+00
.1253E+04 .4314E+00
.1254E+04 .4299E+00
.1255E+04 .4326E+00
.1256E+04 .4258E+00
.1257E+04 .4245E+00
.1258E+04 .4285E+00
.1259E+04 .4212E+00
.1260E+04 .4227E+00
.1261E+04 .4099E+00
.1262E+04 .4033E+00
.1263E+04 .4049E+00
.1264E+04 .3877E+00
.1265E+04 .4018E+00
.1266E+04 .3947E+00
.1267E+04 .3965E+00
.1268E+04 .3849E+00
.1269E+04 .3073E+00
.1270E+04 .3968E+00
.1271E+04 .4078E+00
.1272E+04 .4076E+00
.1273E+04 .4044E+00
.1274E+04 .4046E+00
.1275E+04 .4075E+00
.1276E+04 .4097E+00
.1277E+04 .4116E+00
.1278E+04 .4128E+00
.1279E+04 .4106E+00
.1280E+04 .4056E+00
.1281E+04 .3851E+00
.1282E+04 .3664E+00
.1283E+04 .3956E+00
.1284E+04 .4070E+00
.1285E+04 .4086E+00
.1286E+04 .4119E+00
.1287E+04 .4108E+00
.1288E+04 .4099E+00
.1289E+04 .4057E+00
.1290E+04 .4053E+00
.1291E+04 .4087E+00
.1292E+04 .4030E+00
.1293E+04 .4070E+00
.1294E+04 .4058E+00
.1295E+04 .4056E+00
.1296E+04 .4004E+00
.1297E+04 .3910E+00
.1298E+04 .3994E+00
.1299E+04 .4057E+00
.1300E+04 .3830E+00
.1301E+04 .3884E+00
.1302E+04 .3968E+00
.1303E+04 .3775E+00
.1304E+04 .3601E+00
.1305E+04 .3948E+00
.1306E+04 .3958E+00
.1307E+04 .3614E+00
.1308E+04 .3731E+00
.1309E+04 .3925E+00
.1310E+04 .3545E+00
.1311E+04 .3673E+00
.1312E+04 .3601E+00
.1313E+04 .3621E+00
.1314E+04 .3423E+00
.1315E+04 .3448E+00
.1316E+04 .3655E+00
.1317E+04 .3534E+00
.1318E+04 .3652E+00
.1319E+04 .3413E+00
.1320E+04 .3207E+00
.1321E+04 .3492E+00
.1322E+04 .3582E+00
.1323E+04 .3188E+00
.1324E+04 .3363E+00
.1325E+04 .3620E+00
.1326E+04 .3423E+00
.1327E+04 .3348E+00
.1328E+04 .3050E+00
.1329E+04 .2755E+00
.1330E+04 .3212E+00
.1331E+04 .2615E+00
.1332E+04 .2510E+00
.1333E+04 .3120E+00
.1334E+04 .2682E+00
.1335E+04 .3151E+00
.1336E+04 .2799E+00
.1337E+04 .2697E+00
.1338E+04 .2777E+00
.1339E+04 .2756E+00
.1340E+04 .2590E+00
.1341E+04 .2736E+00
.1342E+04 .2946E+00
.1343E+04 .2632E+00
.1344E+04 .1882E+00
.1345E+04 .2292E+00
.1346E+04 .1884E+00
.1347E+04 .1992E+00
.1348E+04 .6601E-01
.1349E+04 .1277E+00
.1350E+04 .1012E+00
.1351E+04 .8409E-01
.1352E+04 .6106E-01
.1353E+04 .2143E-01
.1354E+04 .2990E-01
.1355E+04 .5511E-02
.1356E+04 .1568E-01
.1357E+04 .1909E-01
.1358E+04 .6069E-02
.1359E+04 .4770E-02
.1360E+04 .5584E-02
.1361E+04 .6867E-03
.1362E+04 .3433E-04
.1363E+04 .6384E-02
.1364E+04 .5275E-02
.1365E+04 .9772E-04
.1366E+04 .1541E-01
.1367E+04 .8866E-02
.1368E+04 .4901E-04
.1369E+04 .3711E-02
.1370E+04 .3409E-02
.1371E+04 .9390E-03
.1372E+04 .6626E-02
.1373E+04 .1835E-01
.1374E+04 .2939E-01
.1375E+04 .3726E-01
.1376E+04 .2896E-01
.1377E+04 .1998E-01
.1378E+04 .5895E-01
.1379E+04 .1066E-01
.1380E+04 .1799E-01
.1381E+04 .2087E-02
.1382E+04 .6300E-02
.1383E+04 .4997E-03
.1384E+04 .4334E-02
.1385E+04 .2903E-02
.1386E+04 .7413E-02
.1387E+04 .2715E-01
.1388E+04 .2779E-02
.1389E+04 .4961E-01
.1390E+04 .3948E-01
.1391E+04 .3860E-01
.1392E+04 .8930E-02
.1393E+04 .1988E-01
.1394E+04 .2584E-01
.1395E+04 .1777E-02
.1396E+04 .6388E-03
.1397E+04 .1461E-01
.1398E+04 .5607E-01
.1399E+04 .4687E-01
.1400E+04 .7211E-03
.1401E+04 .7016E-03
.1402E+04 .5025E-01
.1403E+04 .6471E-01
.1404E+04 .2690E-01
.1405E+04 .2644E-02
.1406E+04 .5832E-01
.1407E+04 .1176E-01
.1408E+04 .5452E-01
.1409E+04 .3186E-01
.1410E+04 .3173E-01
.1411E+04 .5773E-01
.1412E+04 .5626E-01
.1413E+04 .1151E+00
.1414E+04 .2432E-01
.1415E+04 .1850E-01
.1416E+04 .1441E+00
.1417E+04 .9772E-01
.1418E+04 .1013E+00
.1419E+04 .2700E-01
.1420E+04 .7278E-01
.1421E+04 .8313E-01
.1422E+04 .1619E+00
.1423E+04 .6149E-01
.1424E+04 .8973E-01
.1425E+04 .1269E+00
.1426E+04 .1185E+00
.1427E+04 .1474E+00
.1428E+04 .6594E-01
.1429E+04 .1291E+00
.1430E+04 .1654E+00
.1431E+04 .1429E+00
.1432E+04 .4602E-01
.1433E+04 .1184E+00
.1434E+04 .8614E-01
.1435E+04 .1121E+00
.1436E+04 .1482E+00
.1437E+04 .1179E+00
.1438E+04 .8239E-01
.1439E+04 .1533E+00
.1440E+04 .1335E+00
.1441E+04 .1383E+00
.1442E+04 .1362E+00
.1443E+04 .1329E+00
.1444E+04 .1660E+00
.1445E+04 .1551E+00
.1446E+04 .8800E-01
.1447E+04 .1425E+00
.1448E+04 .2146E+00
.1449E+04 .2187E+00
.1450E+04 .1183E+00
.1451E+04 .7299E-01
.1452E+04 .1671E+00
.1453E+04 .1897E+00
.1454E+04 .2343E+00
.1455E+04 .1547E+00
.1456E+04 .2082E+00
.1457E+04 .2229E+00
.1458E+04 .2180E+00
.1459E+04 .2571E+00
.1460E+04 .1742E+00
.1461E+04 .1926E+00
.1462E+04 .2354E+00
.1463E+04 .1326E+00
.1464E+04 .2460E+00
.1465E+04 .1624E+00
.1466E+04 .1680E+00
.1467E+04 .1364E+00
.1468E+04 .1822E+00
.1469E+04 .2046E+00
.1470E+04 .1515E+00
.1471E+04 .9175E-01
.1472E+04 .1451E+00
.1473E+04 .1674E+00
.1474E+04 .1857E+00
.1475E+04 .2605E+00
.1476E+04 .1586E+00
.1477E+04 .1671E+00
.1478E+04 .1470E+00
.1479E+04 .2098E+00
.1480E+04 .1500E+00
.1481E+04 .2067E+00
.1482E+04 .1365E+00
.1483E+04 .2390E+00
.1484E+04 .2155E+00
.1485E+04 .2164E+00
.1486E+04 .2144E+00
.1487E+04 .1516E+00
.1488E+04 .1808E+00
.1489E+04 .2609E+00
.1490E+04 .2367E+00
.1491E+04 .2432E+00
.1492E+04 .2436E+00
.1493E+04 .2540E+00
.1494E+04 .2602E+00
.1495E+04 .2444E+00
.1496E+04 .2354E+00
.1497E+04 .2605E+00
.1498E+04 .2497E+00
.1499E+04 .2676E+00
.1500E+04 .2779E+00
.1501E+04 .2831E+00
.1502E+04 .2573E+00
.1503E+04 .2424E+00
.1504E+04 .2190E+00
.1505E+04 .2348E+00
.1506E+04 .2752E+00
.1507E+04 .2739E+00
.1508E+04 .2664E+00
.1509E+04 .2442E+00
.1510E+04 .2827E+00
.1511E+04 .2796E+00
.1512E+04 .2738E+00
.1513E+04 .2678E+00
.1514E+04 .2617E+00
.1515E+04 .2771E+00
.1516E+04 .2712E+00
.1517E+04 .2715E+00
.1518E+04 .2704E+00
.1519E+04 .2688E+00
.1520E+04 .2743E+00
.1521E+04 .2765E+00
.1522E+04 .2726E+00
.1523E+04 .2793E+00
.1524E+04 .2758E+00
.1525E+04 .2725E+00
.1526E+04 .2755E+00
.1527E+04 .2738E+00
.1528E+04 .2788E+00
.1529E+04 .2693E+00
.1530E+04 .2668E+00
.1531E+04 .2735E+00
.1532E+04 .2751E+00
.1533E+04 .2723E+00
.1534E+04 .2687E+00
.1535E+04 .2707E+00
.1536E+04 .2735E+00
.1537E+04 .2710E+00
.1538E+04 .2701E+00
.1539E+04 .2668E+00
.1540E+04 .2642E+00
.1541E+04 .2674E+00
.1542E+04 .2679E+00
.1543E+04 .2704E+00
.1544E+04 .2708E+00
.1545E+04 .2723E+00
.1546E+04 .2701E+00
.1547E+04 .2649E+00
.1548E+04 .2648E+00
.1549E+04 .2662E+00
.1550E+04 .2648E+00
.1551E+04 .2673E+00
.1552E+04 .2673E+00
.1553E+04 .2631E+00
.1554E+04 .2615E+00
.1555E+04 .2615E+00
.1556E+04 .2617E+00
.1557E+04 .2645E+00
.1558E+04 .2631E+00
.1559E+04 .2616E+00
.1560E+04 .2635E+00
.1561E+04 .2652E+00
.1562E+04 .2629E+00
.1563E+04 .2603E+00
.1564E+04 .2617E+00
.1565E+04 .2612E+00
.1566E+04 .2582E+00
.1567E+04 .2579E+00
.1568E+04 .2543E+00
.1569E+04 .2518E+00
.1570E+04 .2480E+00
.1571E+04 .2430E+00
.1572E+04 .2427E+00
.1573E+04 .2412E+00
.1574E+04 .2380E+00
.1575E+04 .2425E+00
.1576E+04 .2375E+00
.1577E+04 .2268E+00
.1578E+04 .2393E+00
.1579E+04 .2420E+00
.1580E+04 .2464E+00
.1581E+04 .2443E+00
.1582E+04 .2407E+00
.1583E+04 .2440E+00
.1584E+04 .2474E+00
.1585E+04 .2507E+00
.1586E+04 .2492E+00
.1587E+04 .2453E+00
.1588E+04 .2368E+00
.1589E+04 .2293E+00
.1590E+04 .2352E+00
.1591E+04 .2407E+00
.1592E+04 .2490E+00
.1593E+04 .2516E+00
.1594E+04 .2522E+00
.1595E+04 .2481E+00
.1596E+04 .2411E+00
.1597E+04 .2480E+00
.1598E+04 .2486E+00
.1599E+04 .2425E+00
.1600E+04 .2365E+00
.1601E+04 .2296E+00
.1602E+04 .2299E+00
.1603E+04 .2302E+00
.1604E+04 .2305E+00
.1605E+04 .2366E+00
.1606E+04 .2363E+00
.1607E+04 .2347E+00
.1608E+04 .2318E+00
.1609E+04 .2239E+00
.1610E+04 .2219E+00
.1611E+04 .2273E+00
.1612E+04 .2311E+00
.1613E+04 .2339E+00
.1614E+04 .2351E+00
.1615E+04 .2305E+00
.1616E+04 .2277E+00
.1617E+04 .2333E+00
.1618E+04 .2368E+00
.1619E+04 .2338E+00
.1620E+04 .2279E+00
.1621E+04 .2310E+00
.1622E+04 .2347E+00
.1623E+04 .2381E+00
.1624E+04 .2358E+00
.1625E+04 .2351E+00
.1626E+04 .2357E+00
.1627E+04 .2372E+00
.1628E+04 .2369E+00
.1629E+04 .2344E+00
.1630E+04 .2333E+00
.1631E+04 .2329E+00
.1632E+04 .2323E+00
.1633E+04 .2270E+00
.1634E+04 .2297E+00
.1635E+04 .2292E+00
.1636E+04 .2254E+00
.1637E+04 .2221E+00
.1638E+04 .2131E+00
.1639E+04 .2172E+00
.1640E+04 .2130E+00
.1641E+04 .2149E+00
.1642E+04 .2181E+00
.1643E+04 .2132E+00
.1644E+04 .2177E+00
.1645E+04 .2171E+00
.1646E+04 .2168E+00
.1647E+04 .2221E+00
.1648E+04 .2143E+00
.1649E+04 .2177E+00
.1650E+04 .2194E+00
.1651E+04 .2119E+00
.1652E+04 .2201E+00
.1653E+04 .2206E+00
.1654E+04 .2152E+00
.1655E+04 .2208E+00
.1656E+04 .2201E+00
.1657E+04 .2205E+00
.1658E+04 .2211E+00
.1659E+04 .2198E+00
.1660E+04 .2218E+00
.1661E+04 .2219E+00
.1662E+04 .2186E+00
.1663E+04 .2192E+00
.1664E+04 .2184E+00
.1665E+04 .2115E+00
.1666E+04 .1934E+00
.1667E+04 .2096E+00
.1668E+04 .2117E+00
.1669E+04 .2152E+00
.1670E+04 .2164E+00
.1671E+04 .2116E+00
.1672E+04 .2081E+00
.1673E+04 .2122E+00
.1674E+04 .2103E+00
.1675E+04 .2065E+00
.1676E+04 .2079E+00
.1677E+04 .2084E+00
.1678E+04 .2051E+00
.1679E+04 .2042E+00
.1680E+04 .1967E+00
.1681E+04 .1927E+00
.1682E+04 .2003E+00
.1683E+04 .2048E+00
.1684E+04 .2011E+00
.1685E+04 .2071E+00
.1686E+04 .2067E+00
.1687E+04 .2038E+00
.1688E+04 .2059E+00
.1689E+04 .2041E+00
.1690E+04 .2056E+00
.1691E+04 .2005E+00
.1692E+04 .2064E+00
.1693E+04 .2076E+00
.1694E+04 .2047E+00
.1695E+04 .2061E+00
.1696E+04 .2059E+00
.1697E+04 .1955E+00
.1698E+04 .2047E+00
.1699E+04 .2032E+00
.1700E+04 .2002E+00
.1702E+04 .1997E+00
.1705E+04 .1982E+00
.1710E+04 .1916E+00
.1715E+04 .1929E+00
.1720E+04 .1896E+00
.1725E+04 .1838E+00
.1730E+04 .1819E+00
.1735E+04 .1717E+00
.1740E+04 .1746E+00
.1745E+04 .1699E+00
.1750E+04 .1750E+00
.1755E+04 .1689E+00
.1760E+04 .1712E+00
.1765E+04 .1551E+00
.1770E+04 .1639E+00
.1775E+04 .1497E+00
.1780E+04 .1382E+00
.1785E+04 .1241E+00
.1790E+04 .1338E+00
.1795E+04 .1012E+00
.1800E+04 .7256E-01
.1805E+04 .6304E-01
.1810E+04 .5726E-01
.1815E+04 .3894E-01
.1820E+04 .2216E-01
.1825E+04 .2899E-01
.1830E+04 .4304E-02
.1835E+04 .3500E-02
.1840E+04 .5888E-03
.1845E+04 .6709E-02
.1850E+04 .4129E-02
.1855E+04 .1239E-02
.1860E+04 .4414E-02
.1865E+04 .6925E-02
.1870E+04 .9673E-04
.1875E+04 .1192E-03
.1880E+04 .1070E-01
.1885E+04 .9227E-02
.1890E+04 .1699E-01
.1895E+04 .1326E-01
.1900E+04 .1627E-02
.1905E+04 .1033E-02
.1910E+04 .7956E-02
.1915E+04 .4666E-02
.1920E+04 .1802E-01
.1925E+04 .1975E-01
.1930E+04 .1743E-01
.1935E+04 .3598E-01
.1940E+04 .2937E-01
.1945E+04 .4323E-01
.1950E+04 .5235E-01
.1955E+04 .4041E-01
.1960E+04 .5489E-01
.1965E+04 .6212E-01
.1970E+04 .7917E-01
.1975E+04 .9520E-01
.1980E+04 .9758E-01
.1985E+04 .1012E+00
.1990E+04 .1039E+00
.1995E+04 .9891E-01
.2000E+04 .6398E-01
.2005E+04 .3872E-01
.2010E+04 .6277E-01
.2015E+04 .5175E-01
.2020E+04 .6825E-01
.2025E+04 .8887E-01
.2030E+04 .9640E-01
.2035E+04 .1013E+00
.2040E+04 .9838E-01
.2045E+04 .9859E-01
.2050E+04 .8294E-01
.2055E+04 .7354E-01
.2060E+04 .8359E-01
.2065E+04 .7805E-01
.2070E+04 .8082E-01
.2075E+04 .8812E-01
.2080E+04 .9350E-01
.2085E+04 .9214E-01
.2090E+04 .9371E-01
.2095E+04 .9376E-01
.2100E+04 .9289E-01
.2105E+04 .9506E-01
.2110E+04 .9303E-01
.2115E+04 .9342E-01
.2120E+04 .9105E-01
.2125E+04 .9098E-01
.2130E+04 .9117E-01
.2135E+04 .9078E-01
.2140E+04 .9081E-01
.2145E+04 .8988E-01
.2150E+04 .8774E-01
.2155E+04 .8726E-01
.2160E+04 .8584E-01
.2165E+04 .7994E-01
.2170E+04 .8315E-01
.2175E+04 .8327E-01
.2180E+04 .8326E-01
.2185E+04 .8029E-01
.2190E+04 .8172E-01
.2195E+04 .8137E-01
.2200E+04 .7645E-01
.2205E+04 .7735E-01
.2210E+04 .7956E-01
.2215E+04 .7810E-01
.2220E+04 .7814E-01
.2225E+04 .7676E-01
.2230E+04 .7637E-01
.2235E+04 .7532E-01
.2240E+04 .7423E-01
.2245E+04 .7278E-01
.2250E+04 .7310E-01
.2255E+04 .7038E-01
.2260E+04 .6969E-01
.2265E+04 .7021E-01
.2270E+04 .6809E-01
.2275E+04 .6733E-01
.2280E+04 .6823E-01
.2285E+04 .6595E-01
.2290E+04 .6579E-01
.2295E+04 .6419E-01
.2300E+04 .6280E-01
.2305E+04 .6303E-01
.2310E+04 .6589E-01
.2315E+04 .6203E-01
.2320E+04 .5811E-01
.2325E+04 .6118E-01
.2330E+04 .6100E-01
.2335E+04 .6107E-01
.2340E+04 .5542E-01
.2345E+04 .5751E-01
.2350E+04 .5152E-01
.2355E+04 .5448E-01
.2360E+04 .5615E-01
.2365E+04 .5623E-01
.2370E+04 .4430E-01
.2375E+04 .5230E-01
.2380E+04 .5214E-01
.2385E+04 .4460E-01
.2390E+04 .4789E-01
.2395E+04 .4962E-01
.2400E+04 .5181E-01
.2405E+04 .4565E-01
.2410E+04 .4651E-01
.2415E+04 .4062E-01
.2420E+04 .3904E-01
.2425E+04 .4481E-01
.2430E+04 .5242E-01
.2435E+04 .2823E-01
.2440E+04 .5119E-01
.2445E+04 .3521E-01
.2450E+04 .2869E-01
.2455E+04 .3963E-01
.2460E+04 .4500E-01
.2465E+04 .3801E-01
.2470E+04 .3172E-01
.2475E+04 .3375E-01
.2480E+04 .2617E-01
.2485E+04 .2199E-01
.2490E+04 .1870E-01
.2495E+04 .1730E-01
.2500E+04 .2840E-01
