--- Sljeme ---
2:05 pm - El: 63.89
V1   V2   R    R_kalib
0.99 1.24 0.44 0.41
1.18 1.49 0.40 0.37
1.13 1.42 0.40 0.37
1.37 1.73 0.40 0.37
1.38 1.74 0.40 0.37

2:17 pm - El: 62.57
1.49 1.81 0.41 0.38
1.39 1.73 0.40 0.375
1.40 1.75 0.40 0.375
1.50 1.79 0.42 0.39

2:30 pm - El: 60.98
1.15 1.32 0.44 0.41
1.24 1.55 0.40 0.37
1.28 1.60 0.39 0.36
1.21 1.54 0.39 0.36

2:33 pm - El: 60.59
1.24 1.66 0.38 0.35
1.24 1.64 0.38 0.35

--- FER ---
3:22 pm - El: 53.47
0.74 1.15 0.32 0.30
0.71 1.14 0.32 0.30
0.72 1.12 0.32 0.30
0.72 1.11 0.33 0.31
0.73 1.14 0.32 0.30