1,0.23,0.11,1.07
3,0.23,0.11,1.07
5,0.23,0.11,1.07
7,0.22,0.11,1.05
9,0.22,0.11,1.05
11,0.22,0.11,1.05
13,0.22,0.10,1.10
15,0.22,0.10,1.07
17,0.22,0.10,1.10
19,0.22,0.11,1.02
21,0.22,0.10,1.07
23,0.22,0.10,1.05
25,0.22,0.11,1.00
27,0.22,0.11,1.00
29,0.22,0.10,1.12
31,0.22,0.10,1.10
33,0.21,0.10,1.02
35,0.21,0.10,1.02
37,0.21,0.10,1.02
39,0.21,0.10,1.02
41,0.21,0.10,1.00
43,0.21,0.10,1.08
45,0.21,0.10,1.08
47,0.21,0.10,1.05
49,0.21,0.10,1.05
51,0.21,0.10,1.05
53,0.20,0.10,1.03
55,0.20,0.09,1.08
57,0.20,0.10,1.03
59,0.20,0.09,1.08
61,0.20,0.09,1.08
64,0.20,0.09,1.08
66,0.20,0.09,1.05
68,0.20,0.09,1.05
70,0.20,0.09,1.11
72,0.20,0.09,1.05
74,0.19,0.09,1.03
76,0.19,0.09,1.08
78,0.19,0.09,1.00
80,0.19,0.09,1.00
82,0.19,0.09,1.08
84,0.18,0.09,1.03
86,0.19,0.09,1.06
88,0.18,0.09,1.03
90,0.18,0.09,1.03
92,0.18,0.08,1.09
94,0.18,0.09,1.03
96,0.18,0.09,1.00
98,0.18,0.08,1.06
100,0.17,0.09,0.97
102,0.18,0.08,1.06
104,0.17,0.08,1.03
106,0.17,0.08,1.03
108,0.17,0.08,1.03
110,0.17,0.08,1.03
112,0.17,0.08,1.00
114,0.17,0.08,1.09
116,0.17,0.08,1.06
118,0.17,0.08,1.06
120,0.17,0.08,1.06
122,0.16,0.08,1.03
124,0.16,0.08,1.03
126,0.16,0.08,1.03
129,0.16,0.08,1.03
131,0.16,0.08,1.03
133,0.16,0.07,1.07
135,0.16,0.07,1.07
137,0.15,0.08,0.97
139,0.16,0.07,1.07
141,0.15,0.07,1.03
143,0.15,0.07,1.03
145,0.15,0.07,1.00
147,0.15,0.07,1.03
149,0.15,0.07,1.00
151,0.15,0.07,1.00
153,0.15,0.07,1.00
155,0.15,0.07,1.00
157,0.15,0.07,1.07
159,0.14,0.07,1.04
161,0.14,0.07,1.04
163,0.14,0.07,1.04
165,0.14,0.07,1.00
167,0.14,0.07,1.00
169,0.14,0.06,1.08
171,0.14,0.07,1.00
173,0.14,0.06,1.08
175,0.14,0.07,1.00
177,0.14,0.06,1.08
179,0.14,0.06,1.08
181,0.13,0.06,1.04
183,0.13,0.06,1.04
185,0.13,0.06,1.04
187,0.13,0.06,1.04
189,0.13,0.06,1.00
191,0.13,0.06,1.00
193,0.13,0.06,1.00
196,0.12,0.06,1.04
198,0.13,0.06,1.08
200,0.13,0.06,1.08
202,0.12,0.06,1.04
204,0.12,0.06,0.96
206,0.12,0.06,1.04
208,0.12,0.06,0.96
210,0.12,0.06,1.04
212,0.12,0.06,1.04
214,0.12,0.06,1.00
216,0.12,0.06,1.00
218,0.12,0.06,1.00
220,0.12,0.06,1.00
222,0.11,0.06,0.96
224,0.11,0.05,1.05
226,0.12,0.05,1.09
228,0.11,0.05,1.05
230,0.11,0.05,1.05
232,0.11,0.05,1.05
234,0.11,0.05,1.05
236,0.11,0.05,1.05
238,0.11,0.05,1.00
240,0.11,0.05,1.05
242,0.11,0.05,1.10
244,0.11,0.05,1.10
246,0.11,0.05,1.00
248,0.10,0.05,0.95
250,0.11,0.05,1.00
252,0.10,0.05,0.95
254,0.10,0.05,0.95
256,0.11,0.05,1.10
258,0.10,0.05,1.05
261,0.10,0.05,1.05
263,0.10,0.05,1.05
265,0.10,0.05,1.05
267,0.10,0.05,1.05
269,0.10,0.05,1.00
271,0.10,0.05,1.00
273,0.10,0.05,1.00
275,0.10,0.05,1.00
277,0.10,0.05,1.00
279,0.10,0.05,1.00
281,0.10,0.04,1.11
283,0.09,0.04,1.06
285,0.10,0.05,1.00
287,0.10,0.05,1.00
289,0.09,0.05,0.95
291,0.09,0.04,1.06
293,0.09,0.04,1.00
295,0.10,0.04,1.11
297,0.09,0.04,1.06
299,0.09,0.04,1.06
301,0.09,0.04,1.00
303,0.09,0.04,1.06
305,0.09,0.04,1.06
307,0.09,0.04,1.00
309,0.09,0.04,1.00
311,0.09,0.04,1.00
313,0.09,0.04,1.00
315,0.09,0.04,1.00
317,0.09,0.04,1.00
319,0.08,0.04,0.94
321,0.09,0.04,1.00
323,0.08,0.04,0.94
325,0.09,0.04,1.00
328,0.09,0.04,1.00
330,0.08,0.04,0.94
332,0.08,0.04,1.06
334,0.09,0.04,1.00
336,0.09,0.04,1.12
338,0.08,0.04,1.00
340,0.08,0.04,0.94
342,0.08,0.04,1.06
344,0.08,0.04,0.94
346,0.08,0.04,1.00
348,0.08,0.04,1.06
350,0.08,0.04,1.06
352,0.08,0.04,0.89
354,0.08,0.04,1.00
356,0.08,0.04,1.06
358,0.08,0.04,1.00
360,0.08,0.04,0.89
362,0.08,0.04,1.00
364,0.08,0.04,1.00
366,0.08,0.04,1.06
368,0.08,0.04,1.00
370,0.08,0.04,0.89
372,0.08,0.04,1.00
374,0.08,0.04,1.00
376,0.08,0.04,1.00
378,0.08,0.04,1.00
380,0.08,0.03,1.14
382,0.08,0.04,1.00
384,0.07,0.04,0.94
386,0.08,0.04,1.00
388,0.07,0.04,0.94
390,0.08,0.03,1.14
393,0.07,0.04,0.94
395,0.08,0.03,1.14
397,0.08,0.04,1.00
399,0.08,0.03,1.14
401,0.08,0.03,1.14
403,0.07,0.04,0.94
405,0.07,0.04,0.94
407,0.08,0.04,1.00
409,0.07,0.03,1.07
411,0.08,0.03,1.14
413,0.07,0.04,0.94
415,0.07,0.03,1.07
417,0.07,0.04,0.94
419,0.07,0.04,0.94
421,0.07,0.03,1.07
423,0.07,0.03,1.07
425,0.07,0.03,1.07
427,0.07,0.03,1.07
429,0.07,0.04,0.88
431,0.07,0.03,1.07
433,0.07,0.03,1.07
435,0.07,0.03,1.00
437,0.07,0.03,1.07
439,0.07,0.03,1.00
441,0.07,0.03,1.00
443,0.07,0.03,1.07
445,0.07,0.04,0.94
447,0.07,0.03,1.00
449,0.07,0.03,1.07
451,0.07,0.03,1.07
453,0.07,0.03,1.07
455,0.07,0.03,1.00
457,0.07,0.03,1.07
460,0.07,0.03,1.00
462,0.07,0.03,1.07
464,0.07,0.03,1.00
466,0.07,0.03,1.00
468,0.07,0.03,1.25
470,0.07,0.03,1.07
472,0.07,0.03,1.17
474,0.07,0.03,1.00
476,0.06,0.03,0.93
478,0.07,0.03,1.17
480,0.07,0.03,1.00
482,0.07,0.03,1.00
484,0.07,0.03,1.17
486,0.07,0.03,1.00
488,0.07,0.03,1.17
490,0.06,0.03,0.93
492,0.06,0.03,0.93
494,0.07,0.03,1.17
496,0.06,0.03,0.93
498,0.06,0.03,1.08
500,0.06,0.03,0.93
502,0.06,0.03,0.93
504,0.06,0.03,0.93
506,0.06,0.03,1.08
508,0.07,0.03,1.17
510,0.07,0.03,1.17
512,0.06,0.03,0.93
514,0.06,0.03,1.08
516,0.06,0.03,1.08
518,0.06,0.03,1.08
520,0.07,0.03,1.00
522,0.07,0.03,1.17
525,0.06,0.03,0.93
527,0.06,0.03,1.00
529,0.06,0.03,1.08
531,0.06,0.03,1.08
533,0.06,0.03,0.86
535,0.06,0.03,1.08
537,0.06,0.03,1.00
539,0.06,0.03,1.08
541,0.06,0.03,1.08
543,0.06,0.03,1.08
545,0.06,0.03,1.00
547,0.06,0.03,1.00
549,0.06,0.03,1.00
551,0.06,0.03,1.08
553,0.06,0.02,1.20
555,0.06,0.03,1.08
557,0.06,0.03,1.08
559,0.06,0.03,1.08
561,0.06,0.03,1.00
563,0.06,0.03,1.00
565,0.06,0.03,1.00
567,0.06,0.02,1.30
569,0.06,0.03,1.08
571,0.06,0.03,1.00
573,0.06,0.03,1.00
575,0.06,0.03,1.08
577,0.06,0.03,1.08
579,0.06,0.03,1.08
581,0.06,0.03,1.08
583,0.06,0.03,1.00
585,0.06,0.03,0.86
587,0.06,0.03,1.00
589,0.06,0.03,1.00
592,0.06,0.03,1.08
594,0.06,0.03,1.00
596,0.06,0.03,1.00
598,0.06,0.03,1.00
600,0.06,0.03,1.08
602,0.06,0.03,1.08
604,0.06,0.03,1.08
606,0.06,0.02,1.20
608,0.06,0.03,1.08
610,0.06,0.03,1.00
612,0.06,0.03,1.08
614,0.06,0.03,1.08
616,0.06,0.03,1.08
618,0.06,0.03,0.93
620,0.06,0.03,0.86
622,0.06,0.03,1.00
624,0.06,0.03,1.08
626,0.06,0.03,0.93
628,0.06,0.03,0.86
630,0.06,0.03,1.08
632,0.06,0.03,1.08
634,0.06,0.03,0.93
636,0.06,0.03,1.08
638,0.06,0.03,1.08
640,0.06,0.03,1.00
642,0.06,0.03,1.08
644,0.06,0.03,1.08
646,0.06,0.03,1.08
648,0.06,0.03,1.08
650,0.06,0.03,1.08
652,0.06,0.03,1.08
654,0.06,0.03,1.08
657,0.06,0.03,1.08
659,0.06,0.03,1.08
661,0.06,0.03,0.93
663,0.07,0.03,1.17
665,0.06,0.03,1.00
667,0.06,0.03,0.93
669,0.06,0.03,1.08
671,0.06,0.03,1.08
673,0.06,0.03,0.93
675,0.06,0.03,0.93
677,0.06,0.03,0.93
679,0.06,0.03,1.08
681,0.06,0.03,1.08
683,0.06,0.03,0.93
685,0.07,0.03,1.17
687,0.06,0.03,1.08
689,0.06,0.03,1.08
691,0.06,0.03,0.93
693,0.07,0.03,1.17
695,0.06,0.03,0.93
697,0.07,0.03,1.17
699,0.06,0.03,1.08
701,0.06,0.03,1.08
703,0.07,0.03,1.00
705,0.07,0.03,1.17
707,0.06,0.03,1.08
709,0.06,0.03,0.93
711,0.07,0.03,1.17
713,0.07,0.03,1.00
715,0.06,0.03,1.08
717,0.07,0.03,1.00
719,0.06,0.03,0.93
721,0.06,0.03,0.93
724,0.07,0.03,1.00
726,0.07,0.03,1.17
728,0.07,0.03,1.17
730,0.07,0.03,1.17
732,0.06,0.03,0.93
734,0.07,0.03,1.17
736,0.06,0.03,1.08
738,0.06,0.03,1.08
740,0.07,0.03,1.17
742,0.06,0.03,0.93
744,0.07,0.03,1.17
746,0.07,0.03,1.00
748,0.07,0.03,1.00
750,0.07,0.03,1.17
752,0.07,0.03,1.00
754,0.07,0.03,1.00
756,0.07,0.03,1.17
758,0.07,0.03,1.00
760,0.07,0.03,1.00
762,0.07,0.03,1.17
764,0.07,0.03,1.00
766,0.07,0.03,1.00
768,0.07,0.03,1.00
770,0.07,0.03,1.00
772,0.07,0.03,1.25
774,0.07,0.03,1.25
776,0.07,0.03,1.25
778,0.07,0.03,1.00
780,0.07,0.03,1.07
782,0.07,0.03,1.07
784,0.07,0.03,1.00
786,0.07,0.03,1.00
789,0.07,0.03,1.25
791,0.07,0.03,1.00
793,0.07,0.03,1.00
795,0.07,0.03,1.07
797,0.07,0.03,1.00
799,0.07,0.03,1.25
801,0.07,0.03,1.25
803,0.07,0.03,1.00
805,0.07,0.03,1.00
807,0.07,0.04,0.94
809,0.07,0.03,1.07
811,0.07,0.03,1.07
813,0.07,0.03,1.07
815,0.07,0.03,1.07
817,0.07,0.03,1.25
819,0.07,0.03,1.00
821,0.07,0.03,1.07
823,0.07,0.03,1.25
825,0.07,0.03,1.07
827,0.07,0.03,1.07
829,0.07,0.03,1.07
831,0.11,0.04,1.22
833,0.09,0.04,1.00
835,0.08,0.03,1.14
837,0.08,0.03,1.14
839,0.08,0.03,1.14
841,0.08,0.03,1.14
843,0.07,0.03,1.07
845,0.07,0.03,1.07
847,0.08,0.03,1.14
849,0.08,0.03,1.14
851,0.08,0.03,1.14
853,0.08,0.03,1.14
856,0.07,0.04,0.94
858,0.08,0.03,1.14
860,0.07,0.03,1.07
862,0.07,0.03,1.07
864,0.07,0.03,1.07
866,0.08,0.03,1.14
868,0.08,0.03,1.14
870,0.08,0.03,1.14
872,0.08,0.04,1.00
874,0.07,0.04,0.94
876,0.08,0.03,1.14
878,0.08,0.03,1.14
880,0.08,0.03,1.14
882,0.08,0.04,1.00
884,0.08,0.03,1.14
886,0.08,0.03,1.14
888,0.08,0.04,1.00
890,0.08,0.03,1.14
892,0.08,0.04,1.00
894,0.08,0.03,1.14
896,0.08,0.03,1.14
898,0.08,0.03,1.21
900,0.08,0.04,1.00
902,0.08,0.04,1.00
904,0.08,0.04,1.00
906,0.08,0.04,1.00
908,0.08,0.03,1.14
910,0.08,0.04,1.00
912,0.08,0.04,1.00
914,0.08,0.04,1.00
916,0.08,0.04,1.00
918,0.08,0.04,1.00
921,0.08,0.03,1.14
923,0.08,0.03,1.14
925,0.08,0.04,1.06
927,0.08,0.04,1.00
929,0.08,0.04,1.00
931,0.08,0.03,1.14
933,0.08,0.04,1.00
935,0.08,0.03,1.21
937,0.08,0.03,1.21
939,0.08,0.03,1.14
941,0.08,0.04,1.06
943,0.08,0.04,1.00
945,0.08,0.04,1.00
947,0.08,0.04,1.06
949,0.08,0.04,1.00
951,0.08,0.04,1.06
953,0.08,0.03,1.21
955,0.08,0.03,1.21
957,0.08,0.04,1.00
959,0.08,0.04,1.06
961,0.08,0.04,1.00
963,0.08,0.04,1.06
965,0.08,0.04,1.06
967,0.08,0.03,1.21
969,0.08,0.04,1.06
971,0.08,0.04,1.06
973,0.08,0.04,0.94
975,0.08,0.04,1.06
977,0.08,0.04,1.06
979,0.08,0.04,1.06
981,0.08,0.04,1.06
983,0.08,0.04,1.06
985,0.08,0.04,1.06
988,0.09,0.04,1.12
990,0.08,0.04,1.06
992,0.08,0.04,1.06
994,0.08,0.04,1.06
996,0.08,0.04,1.06
998,0.08,0.04,0.94
1000,0.09,0.04,1.12
1002,0.08,0.04,1.06
1004,0.09,0.04,1.00
1006,0.09,0.04,1.12
1008,0.09,0.04,1.00
1010,0.09,0.04,1.12
1012,0.09,0.04,1.12
1014,0.08,0.04,1.06
1016,0.09,0.04,1.00
1018,0.09,0.04,1.00
1020,0.09,0.04,1.12
1022,0.08,0.04,0.94
1024,0.09,0.04,1.12
1026,0.09,0.04,1.19
1028,0.09,0.04,1.00
1030,0.09,0.04,1.00
1032,0.09,0.04,1.12
1034,0.09,0.04,1.00
1036,0.09,0.04,1.00
1038,0.09,0.04,1.19
1040,0.09,0.04,1.06
1042,0.09,0.04,1.06
1044,0.09,0.04,1.19
1046,0.09,0.04,1.19
1048,0.09,0.04,1.00
1050,0.09,0.04,1.06
1053,0.09,0.04,1.19
1055,0.09,0.04,1.06
1057,0.09,0.04,1.06
1059,0.09,0.04,1.19
1061,0.09,0.04,1.06
1063,0.09,0.04,1.19
1065,0.09,0.04,1.06
1067,0.09,0.04,1.06
1069,0.10,0.04,1.11
1071,0.09,0.04,1.06
1073,0.09,0.05,0.95
1075,0.09,0.04,1.06
1077,0.09,0.04,1.06
1079,0.10,0.05,1.00
1081,0.09,0.05,0.95
1083,0.10,0.04,1.11
1085,0.10,0.05,1.00
1087,0.10,0.04,1.11
1089,0.10,0.05,1.00
1091,0.10,0.05,0.91
1093,0.10,0.04,1.17
1095,0.09,0.05,0.95
1097,0.10,0.04,1.11
1099,0.10,0.04,1.11
1101,0.10,0.04,1.11
1103,0.10,0.04,1.17
1105,0.10,0.04,1.11
1107,0.10,0.04,1.11
1109,0.10,0.05,1.00
1111,0.10,0.05,1.05
1113,0.10,0.05,1.00
1115,0.10,0.04,1.17
1117,0.10,0.05,1.05
1120,0.10,0.04,1.17
1122,0.10,0.05,1.05
1124,0.10,0.05,1.05
1126,0.10,0.05,1.05
1128,0.10,0.05,1.05
1130,0.10,0.05,1.05
1132,0.10,0.05,1.05
1134,0.10,0.04,1.17
1136,0.10,0.04,1.17
1138,0.10,0.04,1.17
1140,0.11,0.04,1.22
1142,0.10,0.05,1.05
1144,0.10,0.05,1.05
1146,0.10,0.05,1.05
1148,0.10,0.05,1.05
1150,0.10,0.04,1.17
1152,0.10,0.05,1.05
1154,0.10,0.05,0.95
1156,0.10,0.05,1.05
1158,0.11,0.05,1.10
1160,0.10,0.05,1.05
1162,0.11,0.05,1.10
1164,0.11,0.05,1.00
1166,0.11,0.05,1.10
1168,0.11,0.05,1.10
1170,0.11,0.05,1.10
1172,0.11,0.05,1.10
1174,0.11,0.05,1.10
1176,0.11,0.05,1.10
1178,0.11,0.05,1.10
1180,0.11,0.05,1.10
1182,0.11,0.05,1.10
1184,0.10,0.05,1.05
1187,0.11,0.05,1.10
1189,0.11,0.05,1.00
1191,0.11,0.05,1.00
1193,0.11,0.05,1.10
1195,0.11,0.05,1.00
1197,0.11,0.05,1.00
1199,0.11,0.05,1.10
1201,0.11,0.05,1.05
1203,0.11,0.05,1.00
1205,0.11,0.05,1.15
1207,0.11,0.05,1.00
1209,0.11,0.05,1.05
1211,0.11,0.05,1.15
1213,0.11,0.05,1.05
1215,0.11,0.05,1.00
1217,0.11,0.05,1.15
1219,0.11,0.05,1.05
1221,0.11,0.05,1.05
1223,0.11,0.05,1.05
1225,0.11,0.05,1.05
1227,0.11,0.05,1.00
1229,0.11,0.05,1.05
1231,0.11,0.05,1.05
1233,0.11,0.05,1.05
1235,0.11,0.05,1.00
1237,0.11,0.05,1.05
1239,0.11,0.05,1.05
1241,0.11,0.05,1.00
1243,0.11,0.05,1.15
1245,0.11,0.05,1.05
1247,0.11,0.05,1.15
1249,0.11,0.05,1.05
1252,0.11,0.05,1.05
1254,0.11,0.05,1.05
1256,0.11,0.05,1.05
1258,0.11,0.05,1.15
1260,0.11,0.05,1.00
1262,0.12,0.05,1.09
1264,0.11,0.05,1.05
1266,0.11,0.05,1.05
1268,0.11,0.05,1.05
1270,0.11,0.05,1.15
1272,0.11,0.05,1.05
1274,0.11,0.05,1.05
1276,0.12,0.05,1.20
1278,0.11,0.05,1.05
1280,0.11,0.05,1.05
1282,0.11,0.05,1.05
1284,0.11,0.05,1.05
1286,0.11,0.05,1.05
1288,0.11,0.05,1.05
1290,0.11,0.05,1.05
1292,0.11,0.05,1.05
1294,0.11,0.05,1.05
1296,0.12,0.05,1.09
1298,0.11,0.05,1.15
1300,0.12,0.05,1.09
1302,0.11,0.06,0.96
1304,0.11,0.05,1.05
1306,0.11,0.05,1.05
1308,0.12,0.05,1.20
1310,0.11,0.05,1.05
1312,0.12,0.05,1.09
1314,0.11,0.05,1.05
1316,0.11,0.05,1.05
1319,0.12,0.05,1.09
1321,0.11,0.05,1.05
1323,0.12,0.05,1.09
1325,0.12,0.05,1.09
1327,0.12,0.05,1.09
1329,0.12,0.05,1.09
1331,0.12,0.05,1.09
1333,0.12,0.05,1.09
1335,0.12,0.05,1.09
1337,0.12,0.05,1.09
1339,0.12,0.06,1.00
1341,0.12,0.05,1.09
1343,0.12,0.06,1.00
1345,0.12,0.05,1.14
1347,0.12,0.05,1.09
1349,0.12,0.06,1.00
1351,0.12,0.05,1.09
1353,0.12,0.05,1.09
1355,0.12,0.05,1.09
1357,0.12,0.05,1.09
1359,0.12,0.06,1.04
1361,0.12,0.05,1.09
1363,0.12,0.05,1.14
1365,0.12,0.06,1.04
1367,0.12,0.06,1.04
1369,0.12,0.05,1.14
1371,0.12,0.05,1.14
1373,0.12,0.05,1.14
1375,0.12,0.06,1.00
1377,0.12,0.05,1.14
1379,0.12,0.06,1.00
1381,0.12,0.06,1.04
1384,0.13,0.06,1.08
1386,0.12,0.06,1.04
1388,0.12,0.05,1.14
1390,0.13,0.05,1.18
1392,0.13,0.06,1.08
1394,0.12,0.06,1.04
1396,0.12,0.06,1.04
1398,0.13,0.06,1.08
1400,0.13,0.05,1.18
1402,0.12,0.06,1.04
1404,0.13,0.06,1.08
1406,0.12,0.06,1.04
1408,0.13,0.06,1.08
1410,0.13,0.06,1.08
1412,0.13,0.06,1.12
1414,0.13,0.06,1.00
1416,0.13,0.06,1.12
1418,0.13,0.06,1.00
1420,0.13,0.06,1.08
1422,0.13,0.06,1.08
1424,0.13,0.06,1.00
1426,0.13,0.06,1.08
1428,0.13,0.06,1.12
1430,0.13,0.06,1.08
1432,0.13,0.06,1.12
1434,0.13,0.06,1.04
1436,0.13,0.06,1.04
1438,0.13,0.06,1.04
1440,0.13,0.06,1.04
1442,0.13,0.06,1.04
1444,0.13,0.06,1.12
1446,0.13,0.06,1.04
1448,0.13,0.06,1.12
1451,0.13,0.06,1.04
1453,0.13,0.06,1.04
1455,0.13,0.06,1.12
1457,0.14,0.06,1.17
1459,0.14,0.06,1.08
1461,0.14,0.06,1.08
1463,0.13,0.06,1.04
1465,0.13,0.06,1.04
1467,0.14,0.06,1.08
1469,0.14,0.06,1.17
1471,0.14,0.06,1.08
1473,0.13,0.06,1.04
1475,0.14,0.06,1.08
1477,0.14,0.06,1.08
1479,0.14,0.06,1.08
1481,0.14,0.06,1.08
1483,0.14,0.06,1.08
1485,0.14,0.06,1.08
1487,0.14,0.06,1.08
1489,0.14,0.07,1.00
1491,0.14,0.07,1.00
1493,0.14,0.06,1.08
1495,0.14,0.06,1.08
1497,0.14,0.06,1.08
1499,0.14,0.06,1.12
1501,0.14,0.06,1.08
1503,0.14,0.07,1.00
1505,0.14,0.06,1.12
1507,0.14,0.06,1.12
1509,0.14,0.06,1.12
1511,0.14,0.07,1.00
1513,0.14,0.06,1.12
1516,0.14,0.06,1.12
1518,0.14,0.07,1.04
1520,0.14,0.06,1.12
1522,0.14,0.06,1.12
1524,0.14,0.07,1.04
1526,0.14,0.06,1.12
1528,0.15,0.07,1.07
1530,0.14,0.07,1.04
1532,0.14,0.06,1.12
1534,0.14,0.07,1.04
1536,0.14,0.07,1.04
1538,0.14,0.07,1.04
1540,0.14,0.07,1.04
1542,0.14,0.07,1.04
1544,0.15,0.07,1.07
1546,0.14,0.07,1.04
1548,0.15,0.06,1.15
1550,0.15,0.07,1.07
1552,0.15,0.07,1.07
1554,0.15,0.07,1.07
1556,0.15,0.07,1.00
1558,0.15,0.07,1.07
1560,0.15,0.07,1.00
1562,0.15,0.07,1.11
1564,0.15,0.07,1.07
1566,0.15,0.07,1.07
1568,0.15,0.07,1.11
1570,0.15,0.07,1.11
1572,0.15,0.07,1.11
1574,0.15,0.07,1.07
1576,0.15,0.07,1.11
1578,0.15,0.07,1.03
1580,0.15,0.07,1.03
1583,0.15,0.07,1.03
1585,0.15,0.07,1.03
1587,0.15,0.07,1.03
1589,0.16,0.07,1.07
1591,0.15,0.07,1.11
1593,0.15,0.07,1.03
1595,0.16,0.07,1.07
1597,0.16,0.07,1.07
1599,0.16,0.07,1.07
1601,0.16,0.07,1.07
1603,0.16,0.07,1.07
1605,0.16,0.07,1.07
1607,0.16,0.07,1.07
1609,0.16,0.07,1.07
1611,0.16,0.07,1.07
1613,0.16,0.07,1.07
1615,0.16,0.07,1.07
1617,0.16,0.07,1.10
1619,0.16,0.07,1.07
1621,0.16,0.07,1.10
1623,0.16,0.07,1.10
1625,0.16,0.07,1.10
1627,0.16,0.07,1.10
1629,0.16,0.07,1.07
1631,0.16,0.07,1.07
1633,0.16,0.07,1.10
1635,0.16,0.07,1.10
1637,0.16,0.07,1.10
1639,0.16,0.08,1.00
1641,0.16,0.07,1.10
1643,0.16,0.07,1.10
1645,0.16,0.07,1.10
1648,0.16,0.07,1.10
1650,0.16,0.07,1.10
1652,0.16,0.07,1.10
1654,0.16,0.07,1.10
1656,0.16,0.07,1.10
1658,0.16,0.07,1.10
1660,0.16,0.08,1.03
1662,0.16,0.07,1.10
1664,0.16,0.07,1.10
1666,0.16,0.07,1.10
1668,0.16,0.08,1.03
1670,0.16,0.07,1.10
1672,0.17,0.07,1.13
1674,0.16,0.08,1.03
1676,0.16,0.08,1.03
1678,0.16,0.07,1.10
1680,0.17,0.08,1.06
1682,0.16,0.08,1.03
1684,0.16,0.08,1.03
1686,0.17,0.07,1.13
1688,0.17,0.08,1.06
1690,0.17,0.08,1.06
1692,0.17,0.08,1.06
1694,0.17,0.08,1.09
1696,0.17,0.08,1.09
1698,0.17,0.08,1.06
1700,0.17,0.08,1.06
1702,0.17,0.08,1.06
1704,0.17,0.08,1.09
1706,0.17,0.08,1.09
1708,0.17,0.08,1.09
1710,0.17,0.08,1.09
1712,0.17,0.08,1.09
1715,0.17,0.08,1.09
1717,0.17,0.08,1.03
1719,0.17,0.08,1.09
1721,0.17,0.08,1.03
1723,0.17,0.08,1.09
1725,0.18,0.08,1.06
1727,0.17,0.08,1.03
1729,0.17,0.08,1.09
1731,0.17,0.08,1.03
1733,0.18,0.08,1.06
1735,0.18,0.08,1.06
1737,0.18,0.08,1.06
1739,0.18,0.08,1.12
1741,0.18,0.08,1.12
1743,0.18,0.08,1.06
1745,0.18,0.08,1.06
1747,0.18,0.08,1.06
1749,0.18,0.08,1.06
1751,0.18,0.08,1.09
1753,0.18,0.08,1.06
1755,0.18,0.08,1.09
1757,0.18,0.08,1.06
1759,0.18,0.08,1.06
1761,0.18,0.08,1.16
1763,0.18,0.08,1.06
1765,0.18,0.08,1.16
1767,0.18,0.08,1.09
1769,0.18,0.08,1.09
1771,0.18,0.09,1.03
1773,0.18,0.08,1.09
1775,0.18,0.08,1.09
1777,0.18,0.09,1.03
1780,0.18,0.09,1.03
1782,0.19,0.09,1.06
1784,0.19,0.08,1.12
1786,0.19,0.08,1.12
1788,0.19,0.09,1.06
1790,0.19,0.08,1.12
1792,0.19,0.08,1.12
1794,0.19,0.09,1.06
1796,0.19,0.09,1.08
1798,0.19,0.09,1.06
1800,0.19,0.09,1.08
1802,0.19,0.09,1.08
1804,0.19,0.09,1.06
1806,0.19,0.09,1.08
1808,0.19,0.09,1.08
1810,0.20,0.09,1.11
1812,0.19,0.09,1.08
1814,0.19,0.09,1.08
1816,0.20,0.09,1.11
1818,0.20,0.09,1.05
1820,0.20,0.09,1.05
1822,0.20,0.09,1.05
1824,0.20,0.09,1.11
1826,0.20,0.09,1.11
1828,0.20,0.09,1.08
1830,0.20,0.09,1.11
1832,0.20,0.09,1.05
1834,0.20,0.09,1.05
1836,0.20,0.09,1.05
1838,0.20,0.09,1.05
1840,0.20,0.09,1.11
1842,0.20,0.09,1.05
1844,0.20,0.09,1.11
1847,0.20,0.09,1.08
1849,0.20,0.09,1.14
1851,0.20,0.09,1.05
1853,0.20,0.09,1.08
1855,0.20,0.09,1.08
1857,0.20,0.09,1.08
1859,0.20,0.09,1.08
1861,0.20,0.09,1.08
1863,0.20,0.09,1.08
1865,0.20,0.09,1.08
1867,0.20,0.09,1.08
1869,0.20,0.10,1.03
1871,0.20,0.09,1.08
1873,0.21,0.09,1.11
1875,0.20,0.09,1.08
1877,0.20,0.09,1.08
1879,0.20,0.09,1.08
1881,0.20,0.09,1.08
1883,0.21,0.10,1.05
1885,0.21,0.09,1.11
1887,0.20,0.09,1.08
1889,0.20,0.09,1.08
1891,0.21,0.10,1.05
1893,0.21,0.10,1.05
1895,0.21,0.09,1.11
1897,0.21,0.10,1.05
1899,0.21,0.09,1.11
1901,0.21,0.09,1.11
1903,0.21,0.09,1.11
1905,0.21,0.10,1.05
1907,0.21,0.09,1.11
1909,0.21,0.10,1.05
1912,0.21,0.10,1.05
1914,0.21,0.09,1.11
1916,0.21,0.09,1.11
1918,0.21,0.10,1.05
1920,0.21,0.10,1.05
1922,0.21,0.10,1.08
1924,0.21,0.09,1.11
1926,0.21,0.10,1.08
1928,0.21,0.10,1.08
1930,0.21,0.10,1.08
1932,0.21,0.10,1.08
1934,0.21,0.10,1.08
1936,0.21,0.10,1.08
1938,0.21,0.10,1.05
1940,0.21,0.10,1.05
1942,0.21,0.10,1.08
1944,0.21,0.10,1.08
1946,0.21,0.10,1.08
1948,0.21,0.10,1.08
1950,0.21,0.10,1.08
1952,0.21,0.10,1.08
1954,0.21,0.10,1.08
1956,0.21,0.10,1.08
1958,0.22,0.10,1.05
1960,0.22,0.10,1.10
1962,0.22,0.10,1.05
1964,0.22,0.10,1.10
1966,0.22,0.10,1.05
1968,0.22,0.10,1.10
1970,0.22,0.10,1.05
1972,0.22,0.10,1.05
1974,0.22,0.10,1.07
1976,0.22,0.10,1.10
1979,0.22,0.10,1.05
1981,0.22,0.10,1.07
1983,0.22,0.10,1.15
1985,0.22,0.10,1.07
1987,0.22,0.10,1.07
1989,0.22,0.10,1.10
1991,0.22,0.10,1.10
1993,0.22,0.11,1.05
1995,0.22,0.10,1.10
1997,0.22,0.10,1.10
1999,0.22,0.10,1.10
2001,0.22,0.11,1.05
2003,0.22,0.10,1.10
2005,0.22,0.10,1.10
2007,0.22,0.11,1.05
2009,0.23,0.10,1.12
2011,0.23,0.10,1.12
2013,0.22,0.11,1.05
2015,0.23,0.10,1.12
2017,0.22,0.11,1.05
2019,0.22,0.10,1.10
2021,0.23,0.10,1.12
2023,0.23,0.11,1.07
2025,0.23,0.10,1.12
2027,0.22,0.11,1.05
2029,0.22,0.11,1.05
2031,0.22,0.11,1.05
2033,0.23,0.11,1.07
2035,0.22,0.10,1.10
2037,0.22,0.10,1.10
2039,0.22,0.11,1.05
2041,0.23,0.11,1.07
2044,0.22,0.11,1.05
2046,0.22,0.11,1.05
2048,0.22,0.11,1.05
2050,0.23,0.11,1.07
2052,0.23,0.11,1.07
2054,0.22,0.11,1.05
2056,0.22,0.10,1.10
2058,0.23,0.10,1.12
2060,0.23,0.10,1.12
2062,0.22,0.11,1.05
2064,0.22,0.10,1.10
2066,0.22,0.10,1.10
2068,0.22,0.11,1.05
2070,0.22,0.11,1.05
2072,0.23,0.10,1.12
2074,0.23,0.11,1.07
2076,0.23,0.10,1.12
2078,0.22,0.11,1.05
2080,0.22,0.11,1.05
2082,0.23,0.11,1.07
2084,0.23,0.10,1.12
2086,0.23,0.10,1.12
2088,0.23,0.10,1.12
2090,0.23,0.11,1.07
2092,0.23,0.11,1.07
2094,0.22,0.11,1.05
2096,0.23,0.10,1.12
2098,0.23,0.11,1.07
2100,0.23,0.11,1.07
2102,0.23,0.11,1.07
2104,0.23,0.11,1.07
2106,0.23,0.11,1.07
2108,0.23,0.10,1.14
2111,0.23,0.11,1.09
2113,0.23,0.11,1.07
2115,0.23,0.11,1.07
2117,0.23,0.10,1.14
2119,0.23,0.11,1.09
2121,0.23,0.11,1.04
2123,0.23,0.11,1.09
2125,0.23,0.11,1.09
2127,0.23,0.11,1.09
2129,0.23,0.11,1.04
2131,0.23,0.11,1.04
2133,0.24,0.11,1.11
2135,0.23,0.11,1.09
2137,0.23,0.11,1.09
2139,0.24,0.11,1.11
2141,0.23,0.11,1.09
2143,0.23,0.11,1.04
2145,0.23,0.11,1.09
2147,0.23,0.11,1.09
2149,0.24,0.11,1.11
2151,0.23,0.11,1.04
2153,0.24,0.11,1.11
2155,0.23,0.11,1.09
2157,0.23,0.11,1.09
2159,0.23,0.11,1.04
2161,0.23,0.11,1.09
2163,0.23,0.11,1.09
2165,0.23,0.11,1.09
2167,0.23,0.11,1.09
2169,0.23,0.11,1.09
2171,0.23,0.11,1.09
2173,0.23,0.11,1.09
2176,0.23,0.11,1.09
2178,0.23,0.11,1.09
2180,0.23,0.11,1.09
2182,0.23,0.11,1.07
2184,0.23,0.11,1.07
2186,0.23,0.11,1.07
2188,0.23,0.11,1.07
2190,0.23,0.11,1.07
2192,0.23,0.11,1.07
2194,0.23,0.11,1.07
2196,0.23,0.11,1.07
2198,0.23,0.11,1.07
2200,0.23,0.11,1.07
2202,0.23,0.11,1.07
2204,0.23,0.11,1.07
2206,0.23,0.11,1.07
2208,0.23,0.11,1.07
2210,0.23,0.11,1.07
2212,0.23,0.11,1.07
2214,0.23,0.11,1.07
2216,0.23,0.11,1.07
2218,0.23,0.10,1.12
2220,0.23,0.11,1.07
2222,0.23,0.11,1.07
2224,0.23,0.11,1.07
2226,0.23,0.11,1.07
2228,0.23,0.11,1.07
2230,0.23,0.11,1.07
2232,0.23,0.11,1.07
2234,0.23,0.11,1.07
2236,0.23,0.11,1.07
2238,0.23,0.11,1.07
2240,0.23,0.11,1.07
2243,0.22,0.11,1.05
2245,0.23,0.11,1.07
2247,0.23,0.11,1.07
2249,0.22,0.11,1.05
2251,0.22,0.11,1.05
2253,0.23,0.11,1.07
2255,0.22,0.11,1.05
2257,0.22,0.11,1.05
2259,0.22,0.11,1.05
2261,0.22,0.11,1.05
2263,0.23,0.10,1.12
2265,0.22,0.11,1.05
2267,0.22,0.10,1.10
2269,0.22,0.11,1.05
2271,0.22,0.10,1.10
2273,0.22,0.11,1.05
2275,0.22,0.11,1.05
2277,0.22,0.10,1.10
2279,0.22,0.10,1.10
2281,0.22,0.10,1.10
2283,0.22,0.10,1.07
2285,0.22,0.11,1.02
2287,0.22,0.11,1.02
2289,0.22,0.10,1.07
2291,0.22,0.10,1.10
2293,0.22,0.10,1.07
2295,0.22,0.10,1.07
2297,0.22,0.11,1.02
2299,0.22,0.10,1.07
2301,0.22,0.10,1.07
2303,0.22,0.10,1.07
2305,0.22,0.10,1.07
2307,0.22,0.10,1.05
2310,0.22,0.10,1.05
2312,0.22,0.10,1.07
2314,0.22,0.10,1.07
2316,0.22,0.10,1.05
2318,0.22,0.10,1.05
2320,0.22,0.10,1.05
2322,0.22,0.10,1.07
2324,0.22,0.10,1.07
2326,0.22,0.10,1.05
2328,0.22,0.10,1.07
2330,0.22,0.11,1.00
2332,0.22,0.10,1.07
2334,0.22,0.10,1.07
2336,0.22,0.10,1.07
2338,0.22,0.10,1.07
2340,0.22,0.10,1.07
2342,0.22,0.10,1.05
2344,0.22,0.10,1.05
2346,0.22,0.10,1.07
2348,0.22,0.10,1.07
2350,0.22,0.10,1.05
2352,0.22,0.10,1.07
2354,0.22,0.10,1.07
2356,0.22,0.10,1.07
2358,0.22,0.10,1.07
2360,0.22,0.10,1.07
2362,0.22,0.10,1.10
2364,0.22,0.11,1.02
2366,0.22,0.10,1.10
2368,0.22,0.10,1.10
2370,0.22,0.10,1.10
2372,0.22,0.10,1.10
2375,0.22,0.10,1.10
2377,0.22,0.10,1.10
2379,0.22,0.11,1.05